1 25.74
2 16.69
3 10.98
4 15.79
5 18.64
6 17.45
7 24.51
8 16.15
9 10.65
10 15.05
11 13.69
12 16.47
13 15.81
14 17.63
15 21.04
16 42.41
17 45.15
18 24.40
19 25.06
20 27.44
21 20.33
22 13.77
23 10.61
24 11.73
25 12.00
26 10.90
27 19.55
28 16.23
29 17.33
30 13.33
31 14.10
32 18.51
33 21.23
34 25.09
35 26.42
36 41.60
37 51.54
38 43.86
39 81.06
40 70.82
41 84.02
42 50.23
43 51.96
44 55.33
45 55.20
46 73.09
47 
48 
49 58.98
50 30.06
51 47.33
52 46.92
53 28.78
54 36.28
55 47.84
56 16.66
57 13.17
58 21.02
59 24.13
60 47.43
61 30.65
62 15.66
63 16.81
64 14.35
65 22.98
66 25.77
67 37.86
68 63.69
69 28.40
70 20.56
71 15.72
72 17.18
73 20.58
74 21.43
75 12.02
76 10.94
77 12.31
78 25.79
79 33.82
80 37.67
81 72.36
82 50.32
83 24.22
84 17.53
85 11.11
86 12.12
87 7.79
88 21.40
89 16.46
90 16.62
91 12.31
92 25.65
93 39.37
94 35.62
95 22.64
96 16.50
97 14.70
98 23.03
99 42.87
100 57.11
101 26.87
102 21.64
103 18.08
104 13.37
105 13.57
106 21.88
107 18.41
108 15.65
109 22.21
110 22.14
111 23.05
112 13.98
113 12.46
114 21.07
115 55.83
116 51.79
117 27.17
118 19.80
119 20.44
120 25.53
121 11.78
122 10.83
123 11.78
124 9.42
125 8.79
126 22.18
127 24.12
128 24.25
129 37.43
130 15.40
131 13.01
132 9.32
133 15.20
134 23.63
135 28.94
136 52.11
137 33.94
138 53.17
139 45.20
140 43.26
141 38.21
142 44.05
143 46.81
144 34.77
145 38.88
146 48.95
147 78.77
148 68.78
149 95.31
150 
151 84.80
152 50.45
153 48.01
154 34.71
155 19.69
156 19.04
157 17.89
158 18.53
159 31.52
160 26.68
161 22.10
162 23.94
163 14.34
164 20.68
165 32.38
166 53.06
167 90.68
168 58.86
169 41.24
170 33.05
171 26.96
172 19.24
173 14.30
174 10.97
175 9.83
176 11.42
177 24.16
178 25.57
179 21.39
180 33.32
181 29.96
182 13.77
183 9.67
184 7.32
185 11.69
186 10.53
187 14.93
188 11.40
189 10.92
190 18.05
191 27.22
192 27.65
193 27.74
194 22.67
195 16.56
196 13.61
197 15.04
198 20.65
