9292.90723
9199.45215
9591.91309
8935.08691
9037.59375
9289.13281
9932.09473
9025.86816
9387.70312
9152.37012
9390.64258
8999.64258
9132.49023
8985.22363
9173.20996
8862.54395
9111.94043
9220.26074
9018.68262
9350.75195
9018.30371
9511.78809
8977.46973
9092.85059
9184.44531
9462.90137
9187.18945
9110.10742
9302.85449
9283.52246
8961.75098
9480.00781
9237.91406
8966.79883
9362.93652
9197.10156
9649.40430
9635.15430
8959.51465
9097.10449
8767.70996
9106.74707
8964.27246
9093.83496
8946.09180
9241.26465
9573.59473
8889.10840
9044.46973
9005.68750
8843.75195
8924.08887
9274.62500
8870.43848
9156.53613
8976.68652
8999.91406
9012.45410
9900.15137
9399.97168
9168.82910
9148.82227
9206.67383
8787.95312
9299.11719
8986.18652
8944.59277
9494.02051
8889.57520
9541.43848
9376.74023
9207.09570
8790.60547
9416.56445
9599.41211
9219.65332
8980.56641
8885.15918
9311.76074
8977.08301
9014.98730
9232.63379
9116.36816
9180.91602
9150.45703
8983.86035
8933.37109
9054.25684
9175.42578
9255.11230
9052.26855
9262.19922
8859.99512
8914.30566
8929.27441
8894.01172
8620.12402
8805.45020
9111.47852
9056.34863

