1 40.62
2 41.30
3 34.13
4 30.14
5 30.12
6 30.82
7 32.37
8 29.87
9 29.48
10 31.57
11 30.14
12 32.56
13 32.26
14 38.20
15 46.34
16 56.32
17 59.71
18 58.98
19 49.32
20 44.52
21 40.02
22 26.79
23 25.08
24 18.03
25 18.91
26 15.16
27 14.06
28 13.20
29 19.68
30 22.55
31 19.28
32 20.18
33 24.48
34 32.79
35 33.85
36 32.08
37 33.81
38 38.10
39 45.32
40 44.04
41 48.14
42 40.42
43 38.61
44 36.73
45 31.98
46 28.75
47 25.64
48 28.25
49 33.92
50 40.56
51 37.36
52 34.71
53 30.76
54 28.83
55 31.37
56 26.79
57 29.29
58 27.73
59 34.57
60 36.50
61 37.27
62 33.95
63 41.38
64 46.55
65 52.65
66 53.69
67 59.30
68 56.53
69 49.83
70 44.00
71 33.57
72 26.93
73 22.07
74 24.46
75 26.87
76 25.80
77 25.77
78 25.28
79 26.27
80 27.04
81 28.35
82 30.36
83 23.14
84 18.70
85 17.84
86 19.47
87 21.43
88 19.12
89 21.46
90 21.90
91 25.31
92 23.15
93 25.37
94 25.09
95 26.34
96 27.51
97 26.62
98 29.12
99 35.14
100 43.36
101 37.15
102 30.91
103 26.46
104 21.45
105 21.58
106 24.55
107 20.70
108 16.67
109 24.75
110 25.94
111 29.59
112 26.55
113 26.92
114 30.24
115 39.96
116 37.08
117 35.03
118 29.37
119 25.77
120 25.39
121 14.52
122 15.39
123 17.92
124 18.20
125 13.68
126 13.54
127 18.89
128 14.85
129 15.10
130 15.45
131 18.71
132 23.84
133 26.40
134 32.05
135 33.53
136 35.84
137 34.72
138 40.91
139 33.54
140 28.95
141 28.18
142 30.18
143 25.30
144 28.39
145 31.16
146 29.85
147 31.93
148 34.90
149 35.93
150 34.23
151 35.14
152 33.93
153 28.82
154 31.48
155 26.87
156 21.61
157 21.62
158 19.01
159 25.69
160 29.27
161 24.82
162 29.84
163 31.52
164 34.26
165 36.05
166 44.87
167 41.28
168 36.63
169 31.17
170 23.65
171 24.06
172 19.31
173 19.07
174 20.46
175 19.82
176 17.63
177 20.06
178 21.78
179 22.15
180 24.68
181 24.09
182 16.90
183 13.51
184 19.69
185 14.65
186 14.23
187 17.41
188 21.49
189 22.17
190 23.96
191 27.31
192 28.11
193 31.94
194 26.76
195 25.60
196 27.92
197 34.86
198 36.49
